,City Name,Latitude,Temperature(F),Humidity,Cloudiness,Wind Speed
0,New Norfolk,-42.78,77.2,61,75,12.75
1,Cape Town,-33.93,66.54,93,0,6.93
2,Barrow,-38.31,50.78,85,0,5.97
3,Ushuaia,-54.81,48.2,81,40,4.7
4,Khatanga,71.98,-10.33,52,20,2.95
5,Bambous Virieux,-20.34,85.08,79,40,9.17
6,Sangar,63.92,-5.88,55,0,2.95
7,Albany,42.65,29.64,80,90,11.41
8,Hermanus,-34.42,66.34,84,44,1.01
9,East London,-33.02,69.8,73,20,3.36
10,Calvinia,-31.47,57.2,76,0,2.24
11,Foumban,5.73,65.72,79,8,2.06
12,Antequera,-24.09,71.75,74,0,2.95
13,Dikson,73.51,-2.1,93,56,4.07
14,Makat,47.65,32.47,100,56,13.02
15,Port Alfred,-33.59,70.93,73,12,1.01
16,Atuona,-9.8,81.47,100,0,9.44
17,Prokuplje,43.23,39.2,80,75,1.12
18,Hun,50.34,48.83,87,92,17.22
19,Portsmouth,50.8,49.75,93,92,8.05
20,Kaitangata,-46.28,68.24,68,0,5.64
21,San Patricio,-26.98,69.95,72,0,3.4
22,Zeya,53.74,26.17,47,0,3.96
23,Ponta do Sol,-20.63,64.1,97,92,3.62
24,Punta Arenas,-53.16,48.09,93,75,9.17
25,Toora-Khem,52.47,32.87,54,0,3.18
26,Saldanha,41.42,34.4,81,0,5.53
27,Ormara,25.21,66.22,100,0,5.41
28,Kapaa,22.08,68.54,64,75,9.17
29,Arraial do Cabo,-22.97,75.8,100,36,0.83
30,Pangnirtung,66.15,-17.58,74,20,0.72
31,Ucluelet,48.94,33.01,91,0,2.28
32,Georgetown,6.8,73.4,88,75,4.7
33,Hilo,19.71,65.46,77,90,5.82
34,Sibu,2.29,82.15,88,75,4.52
35,Pochutla,15.74,75.99,76,8,8.1
36,Pevek,69.7,-12.85,80,0,7.54
37,Atar,20.52,50.65,39,0,6.42
38,Portland,45.52,32.9,51,1,23.04
39,Alcantara,9.97,82.87,80,48,10.45
40,Tasiilaq,65.61,18.61,100,80,5.41
41,Vaini,15.34,84.2,21,0,5.82
42,Lata,30.78,42.5,100,88,1.95
43,Katsuura,33.93,50.0,50,90,5.82
44,Tuktoyaktuk,69.44,-2.21,64,5,8.05
45,Barcelos,41.53,51.69,93,75,9.17
46,Qaanaaq,77.48,3.53,69,0,18.72
47,Fairbanks,64.84,19.72,79,90,2.84
48,Kodiak,39.95,17.98,44,90,18.34
49,Ancud,-41.87,51.8,93,90,8.05
50,Souillac,45.6,48.34,93,90,9.17
51,Bure,10.52,69.77,31,0,7.76
52,Dunmore Town,25.5,77.87,96,44,11.01
53,Ixtapa,20.71,71.76,100,5,2.24
54,Makakilo City,21.35,69.53,64,1,6.93
55,Ilulissat,69.22,15.8,78,80,5.82
56,Sinop,42.03,39.07,69,75,5.82
57,Cayenne,4.94,77.0,83,92,6.93
58,Ishinomaki,38.42,48.2,61,75,10.29
59,Victoria,5.28,86.0,70,75,5.82
60,Petropavlovsk-Kamchatskiy,53.05,24.8,29,0,17.9
61,Srednekolymsk,67.46,-4.62,66,44,2.62
62,Husavik,50.56,-14.46,78,32,10.22
63,Pedernales,0.07,73.1,92,80,3.74
64,Sao Filipe,14.9,70.49,95,0,17.05
65,Port Pirie,-33.18,80.6,69,8,26.4
66,Havre-Saint-Pierre,50.23,3.2,71,90,5.41
67,Jamestown,-33.21,94.21,22,24,8.77
68,Buraydah,26.33,51.8,71,40,5.82
69,Port Elizabeth,39.31,35.37,74,90,9.17
70,Mandalgovi,45.76,36.29,72,8,4.97
71,Buchanan,5.88,78.55,100,0,4.85
72,Vanimo,-2.67,83.05,100,44,13.47
73,Busselton,-33.64,88.52,18,20,4.74
74,Rikitea,-23.12,79.27,100,0,11.79
75,MBour,14.41,62.6,72,0,13.87
76,Pisco,-13.71,73.4,78,0,5.82
77,Bluff,-23.58,87.91,41,0,12.01
78,Lebu,8.96,62.6,51,20,6.93
79,Mitchell,43.71,-11.1,76,40,10.29
80,Bambari,5.77,73.55,84,0,7.09
81,Shanhetun,44.7,48.22,40,0,4.41
82,Bulawayo,-20.16,73.78,65,0,4.41
83,Maldonado,-34.91,60.23,100,0,6.2
84,Mataura,-46.19,66.99,67,0,11.01
85,Bredasdorp,-34.53,64.58,87,12,4.7
86,Sonneberg,50.36,44.33,85,92,7.0
87,Puerto Baquerizo Moreno,-0.9,81.2,100,32,8.88
88,Thessalon,46.26,15.8,72,90,3.36
89,Mahebourg,-20.41,85.12,79,40,9.17
90,Matagami,9.67,63.52,87,36,3.06
91,Phalaborwa,-23.95,78.8,83,0,2.24
92,Banepa,27.63,60.8,63,75,3.36
93,Akdepe,42.05,45.37,70,0,6.93
94,Virginia Beach,36.85,36.66,93,1,7.09
95,Faanui,-16.48,83.99,100,36,7.43
96,Hithadhoo,-0.6,83.27,100,36,15.82
97,Yanaul,56.27,19.55,90,88,14.03
98,Tilichiki,60.47,4.97,74,80,9.1
99,Mar del Plata,-46.43,57.76,58,0,16.37
100,Half Moon Bay,37.46,54.3,93,90,3.36
101,Tura,25.52,74.32,57,0,3.4
102,Sorland,67.67,30.89,100,0,13.8
103,Huarmey,-10.07,66.08,86,56,1.61
104,Sao Miguel do Araguaia,-13.28,72.65,92,0,2.62
105,Hami,42.84,52.13,44,0,1.39
106,Mount Gambier,-37.83,78.8,54,80,17.22
107,Mount Isa,-20.73,93.2,26,40,14.99
108,Samarai,-10.62,82.19,100,0,3.96
109,Ribeira Grande,38.52,59.47,98,56,24.54
110,Sechura,-5.56,74.9,84,8,9.33
111,Luau,-10.7,68.33,91,32,3.18
112,Saint-Philippe,45.36,23.58,85,90,5.82
113,Vokhtoga,58.81,15.28,87,76,16.37
114,Vao,59.1,20.45,76,32,6.42
115,Acapulco,16.86,78.8,83,5,6.93
116,Sur,22.57,67.97,100,0,14.36
117,Yellowknife,62.45,-8.47,57,20,6.93
118,Hambantota,6.12,89.6,70,75,10.29
119,Norman Wells,65.28,-14.81,68,5,3.36
120,Brigantine,39.41,35.19,93,20,8.05
121,Narsaq,60.91,28.4,54,0,3.36
122,Princeton,41.37,24.12,73,90,10.29
123,Pingliang,35.54,48.99,61,0,2.95
124,Meulaboh,4.14,85.21,100,36,2.95
125,Pasighat,28.06,68.38,46,0,2.17
126,Kankan,10.38,60.23,39,0,7.43
127,Mayumba,-3.44,77.33,100,92,3.62
128,Basco,40.33,23.25,79,90,8.05
129,Mehamn,71.03,19.06,88,64,2.73
130,Beringovskiy,63.05,29.32,91,92,25.1
131,Calama,-22.46,50.0,53,0,6.93
132,Nynashamn,58.9,33.94,100,80,6.93
133,Avarua,-21.21,82.4,78,44,8.05
134,San Quintin,17.54,79.49,62,68,5.19
135,Brooks,50.57,-17.0,77,0,4.0
136,Tual,-5.67,80.71,100,44,7.54
137,Matay,28.42,51.95,49,0,7.2
138,Butaritari,3.07,83.23,100,92,16.04
139,Neiafu,-18.65,84.2,79,40,2.24
140,Cap-aux-Meules,47.38,17.48,100,80,10.33
141,Kjollefjord,70.95,19.06,88,64,2.73
142,Mizdah,31.45,35.53,75,0,3.62
143,Christchurch,-43.53,63.59,68,0,12.75
144,Puerto Ayora,-0.74,81.2,100,88,6.2
145,Muros,42.77,54.66,87,40,19.46
146,Walvis Bay,-22.95,66.6,77,90,5.82
147,Vestmannaeyjar,63.44,31.07,100,8,11.01
148,Prince Rupert,54.32,30.2,22,1,6.93
149,Price,39.6,33.24,83,90,3.36
150,Lagoa,37.14,51.39,87,0,2.24
151,Kavieng,-2.57,82.37,100,44,6.08
152,Kiama,-34.67,81.7,48,48,19.46
153,Ovalle,-30.6,60.82,94,76,3.06
154,Boundiali,9.53,60.73,40,0,7.54
155,Thompson,55.74,-9.41,76,90,6.93
156,Samana,0.12,72.97,94,32,1.95
157,Carnarvon,-30.97,60.14,60,0,4.18
158,Huangpu,31.23,51.39,62,75,13.42
159,Nanortalik,60.14,26.3,91,0,5.97
160,Torbay,47.66,17.87,78,75,10.29
161,Sobolevo,54.43,19.37,87,80,18.95
162,Kruisfontein,-34.0,64.42,79,0,5.86
163,Upernavik,72.79,3.53,100,36,8.99
164,Lincoln,53.23,44.31,81,20,18.34
165,Doka,13.52,75.08,24,0,7.43
166,Magdagachi,53.45,30.76,48,12,3.85
167,Khurda,20.18,82.4,78,40,5.41
168,Aklavik,68.22,3.2,54,5,10.29
169,Yining,29.04,56.63,66,0,3.4
170,Coahuayana,18.62,61.63,82,0,1.16
171,Cabo San Lucas,22.89,66.88,49,5,10.67
172,Ikovka,55.61,19.28,91,80,13.24
173,Mahoba,25.29,73.42,60,76,10.89
174,Abu Dhabi,24.47,61.65,72,40,4.7
175,Celestun,20.87,82.28,85,0,18.28
176,Hisor,38.53,46.4,81,75,4.47
177,Hobart,-42.88,76.28,69,75,5.82
178,Brae,60.4,44.6,81,88,18.34
179,Orotina,9.91,65.25,73,0,10.29
180,Mason City,43.15,0.03,77,1,14.99
181,Elko,40.83,28.78,92,90,2.95
182,Borogontsy,62.67,-3.36,49,0,3.85
183,Charlestown,41.38,31.42,100,90,3.36
184,Santa Maria,-29.69,62.8,72,0,6.42
185,Galle,29.74,47.66,100,90,12.75
186,Parthenay,46.65,50.61,93,90,10.29
187,Kropotkin,45.43,34.0,92,48,9.78
188,Poum,41.28,32.0,75,40,6.93
189,Baykit,61.68,19.78,83,64,3.96
190,Nara,34.68,52.3,57,90,8.05
191,Talnakh,69.49,17.75,84,80,23.76
192,Saint George,39.45,44.46,75,20,10.29
193,Savannah Bight,16.45,79.58,94,32,16.15
194,Ajdabiya,30.75,58.07,65,92,11.23
195,Plouzane,48.38,53.46,87,90,23.04
196,Dingle,11.0,87.46,54,48,7.76
197,Isangel,-19.55,83.99,93,80,9.44
198,Kankon,15.02,82.4,61,20,9.17
199,Lompoc,34.64,55.29,100,90,8.05
200,Sao Felix do Xingu,-6.64,71.08,100,32,2.39
201,Pechora,65.12,-2.23,70,0,3.29
202,Kirkwall,58.98,44.6,87,44,19.46
203,Adrar,27.87,50.0,31,0,8.05
204,Georgiyevka,52.25,8.03,80,0,8.77
205,Mocuba,-16.84,77.6,96,80,2.95
206,Kenai,60.55,27.32,79,90,5.82
207,Guerrero Negro,27.97,58.12,95,0,10.22
208,Tecoanapa,16.99,78.8,83,5,6.93
209,Corbelia,-24.8,66.89,60,0,8.88
210,Maceio,-9.67,77.0,88,40,2.24
211,Jianhu,29.93,48.04,81,75,6.71
212,Nelson Bay,-32.72,80.38,51,20,17.22
213,Waddan,29.16,34.18,72,0,3.18
214,Clyde River,70.47,3.2,71,90,11.41
215,Chokurdakh,70.62,-7.72,62,68,15.48
216,Simpang,4.82,92.16,55,75,3.36
217,Pecos,31.42,49.24,87,1,11.01
218,Salalah,17.01,80.6,39,75,6.93
219,Severo-Kurilsk,50.68,25.9,100,64,10.0
220,Cidreira,-30.17,74.0,75,0,7.31
221,Plock,52.55,32.54,93,75,8.05
222,El Alto,-16.5,42.8,81,75,2.24
223,Kudahuvadhoo,2.67,82.6,99,80,10.89
224,Trairi,-3.28,79.49,100,92,6.53
225,Beinamar,8.67,78.55,54,32,5.3
226,Acajutla,13.59,72.61,89,56,0.83
227,Vuktyl,63.86,-3.9,62,12,2.39
228,Nome,30.04,64.67,88,90,5.82
229,Fez,34.03,46.4,81,0,6.93
230,Keetmanshoop,-26.57,68.0,60,0,6.93
231,Vardo,39.62,37.9,60,90,5.82
232,San Policarpo,12.18,80.98,90,64,10.0
233,Abu Kamal,34.45,50.11,71,0,11.34
234,Miri,10.31,64.42,56,0,3.18
235,Shingu,33.72,55.4,71,75,4.7
236,Bollnas,61.35,26.48,83,92,8.66
237,Bathsheba,13.22,77.0,73,40,20.8
238,Ewa Beach,21.32,69.51,64,1,6.93
239,Tuatapere,-46.13,66.99,67,0,11.01
240,Kibala,9.11,78.8,50,0,9.17
241,Kutum,14.2,62.48,21,0,10.67
242,Svetlogorsk,53.14,23.0,85,75,6.71
243,Chaman,30.92,45.74,100,20,1.72
244,Cockburn Town,21.46,77.15,99,92,18.28
245,Kahului,20.89,67.26,68,90,4.7
246,Bull Savanna,17.89,64.28,86,8,3.4
247,Kushiro,43.11,33.8,64,0,10.29
248,Saskylakh,71.97,-10.29,69,48,3.06
249,Yatou,3.63,78.8,94,40,2.24
250,Nikolskoye,59.7,19.36,73,90,20.13
251,Beloha,-25.17,83.72,86,0,4.97
252,Longyearbyen,78.22,1.4,64,40,21.92
253,Saint Anthony,43.97,14.27,67,1,4.7
254,Moyale,3.52,80.57,46,0,4.18
255,Krasnokamensk,50.1,44.26,27,0,5.75
256,Erzincan,39.75,35.87,93,75,1.12
257,Lavrentiya,65.58,25.94,89,88,10.0
258,Risaralda,5.17,68.0,94,40,6.93
259,Asha,54.99,28.6,84,92,3.51
260,Quesnel,52.98,-4.12,60,0,2.39
261,Ulladulla,-35.36,84.54,48,0,19.46
262,Araouane,18.9,46.6,57,0,6.42
263,Saint-Georges,46.12,21.34,88,68,2.39
264,Tiksi,71.64,-4.26,64,20,7.2
265,Kadiri,14.11,90.47,45,0,4.18
266,Hay River,60.82,-11.21,63,5,2.24
267,Moose Factory,51.26,-9.41,83,90,3.36
268,Sisimiut,66.94,4.88,81,88,1.95
269,Kharp,66.82,-16.45,24,0,2.84
270,Tera,34.97,54.12,67,75,8.05
271,Timizart,36.8,28.15,82,0,1.16
272,Aserri,9.86,65.32,73,0,10.29
273,Luderitz,-26.65,62.53,83,0,16.6
274,Hoa Binh,20.81,82.4,65,40,6.93
275,Coronado,8.53,75.99,50,0,1.99
276,Rawlins,41.79,3.22,84,90,13.87
277,Nambucca Heads,-30.64,78.94,65,92,10.29
278,Copiapo,-27.37,58.34,93,64,1.28
279,Mozarlandia,-14.74,70.94,91,24,2.73
280,Zalantun,48.0,46.28,31,24,3.62
281,Filadelfia,-22.35,77.33,78,36,4.07
282,Sitka,37.17,16.0,90,92,7.0
283,Whyalla,-33.04,80.6,69,48,26.4
284,Provideniya,64.42,26.98,92,80,15.48
285,Juba,57.82,30.06,86,88,9.17
286,Itoman,26.12,78.22,88,90,21.92
287,Jalalpur Jattan,32.64,62.6,59,40,4.7
288,Mombetsu,44.35,38.98,64,75,4.7
289,Comodoro Rivadavia,-45.87,62.6,48,0,25.28
290,Strezhevoy,60.73,21.2,73,0,8.95
291,Mineiros,-17.57,67.12,93,36,2.95
292,Antalaha,-14.9,79.0,100,76,5.53
293,Dubai,25.27,66.65,52,40,10.29
294,San Cristobal,-0.39,48.78,93,75,2.24
295,Changde,29.04,53.8,100,12,4.07
296,Ahipara,-35.17,75.99,67,0,9.44
297,Chuy,-33.69,60.32,98,0,8.32
298,Bethel,60.79,27.95,92,1,4.7
299,Maragogi,-9.01,77.24,94,88,2.17
300,Evensk,61.92,4.7,100,8,13.24
301,Ekuvukeni,-28.47,63.61,97,88,3.18
302,Alofi,-19.06,82.4,78,44,8.05
303,Prigen,-7.7,82.4,83,40,6.93
304,Garissa,-0.46,78.82,79,76,6.76
305,Mantua,45.16,38.44,81,0,4.7
306,Kalnciems,56.8,35.6,92,90,8.05
307,Lahat,-3.78,82.82,90,88,3.96
308,Aginskoye,51.11,41.15,29,0,8.88
309,Gazojak,41.19,46.78,97,0,7.76
310,Kaseda,31.42,56.62,93,75,9.17
311,Kailua,21.39,69.53,68,40,9.17
312,Nicoya,10.15,80.6,65,0,18.34
313,Naze,5.43,77.0,100,20,3.62
314,Vangaindrano,-23.35,81.29,89,64,3.74
315,Cherskiy,68.75,-4.26,65,56,7.43
316,Yar-Sale,66.83,-9.3,67,0,2.84
317,Phalodi,27.13,70.67,60,0,8.99
318,Alizai,33.94,45.38,100,100,3.62
319,Darab,28.75,46.1,54,0,2.51
320,The Valley,18.22,76.66,73,20,11.41
321,Inhambane,-23.87,80.22,88,20,6.53
322,Ust-Kulom,61.69,1.33,58,12,5.75
323,Namibe,-15.19,76.97,100,56,3.62
324,Mama,20.48,79.54,57,5,9.17
325,Thunder Bay,48.41,0.18,59,5,11.41
326,Werda,50.44,42.51,70,92,13.87
327,Thinadhoo,0.53,83.27,100,8,14.03
328,Ashtian,34.52,32.0,52,0,4.7
329,Atambua,-9.11,81.52,100,32,3.4
330,Fairlie,33.31,40.98,100,90,6.93
331,Gornopravdinsk,60.06,21.67,83,88,13.8
332,Henties Bay,-22.12,66.99,86,92,5.01
333,Cape Canaveral,28.41,69.01,93,1,5.82
334,Kstovo,56.15,11.91,85,0,8.95
335,Wanaka,-44.7,69.37,42,0,1.95
336,Oblivskaya,48.54,19.78,92,24,6.2
337,Puerto Tejada,3.23,68.0,88,20,11.41
338,Jacala,21.0,59.56,91,0,1.5
339,Marawi,8.0,81.0,83,68,10.0
340,Asosa,10.07,71.62,23,92,3.85
341,Nguru,12.88,63.02,43,0,4.63
342,Coolum Beach,-26.53,76.98,71,92,4.0
343,Okhotsk,59.36,11.05,96,0,4.41
344,Pokosnoye,55.53,31.25,67,64,3.4
345,Opelousas,30.53,62.55,82,90,3.36
346,Guozhen,29.3,55.37,91,0,4.07
347,Vila Velha,-3.71,75.42,88,75,5.82
348,Sinnamary,5.38,76.3,100,88,9.78
349,Ozieri,40.59,53.6,81,20,3.36
350,Castro,-42.48,51.8,93,90,8.05
351,Caravelas,-17.73,83.68,100,0,14.58
352,Am Timan,11.04,72.97,32,0,5.75
353,Homer,59.64,33.19,100,90,4.7
354,Da Lat,11.95,85.93,35,0,2.73
355,Tuljapur,18.01,87.05,33,0,3.96
356,Lukovetskiy,64.29,10.4,92,75,6.71
357,Northam,51.04,47.93,87,92,11.41
358,Wamba,2.14,69.55,93,20,2.95
359,Zemen,42.48,32.0,77,75,1.12
360,Port Augusta,-32.49,93.99,69,8,26.4
361,Airai,-8.93,76.97,86,76,1.95
362,Kasongo-Lunda,-6.48,70.58,94,68,2.73
363,Husainabad,24.53,67.43,48,92,5.97
364,Waipawa,-39.94,71.01,54,0,3.0
365,Tucurui,-3.77,72.61,100,92,2.17
366,Tabas,33.6,53.98,48,0,4.18
367,Bamiantong,44.93,45.7,40,0,4.97
368,Klyuchi,52.25,35.17,89,44,14.47
369,Ngunguru,-35.62,68.0,72,0,3.0
370,Linqiong,30.42,64.4,48,40,4.47
371,Lannion,48.73,53.22,87,90,17.22
372,Hokitika,-42.72,62.57,91,0,5.97
373,Rodrigues Alves,-7.74,73.4,94,0,2.39
374,Padang,-0.92,86.0,79,40,4.7
375,Aguimes,27.91,61.52,77,75,11.41
376,Kuppam,12.75,82.0,56,0,3.96
377,Markova,52.21,33.8,64,0,6.71
378,Ilhabela,-23.78,76.79,100,76,6.76
379,Kirensk,57.78,26.71,63,24,4.63
380,Veraval,49.65,52.23,87,90,16.11
381,Karasjok,69.47,15.8,61,8,26.4
382,Tiznit,29.7,49.34,95,0,0.6
383,Juneau,58.3,32.18,46,90,5.82
384,Opuwo,-18.06,64.82,85,48,1.28
385,Kalmunai,7.42,80.8,96,56,4.97
386,Gijon,43.54,49.35,87,0,5.82
387,Iwaki,37.05,48.11,61,75,10.29
388,Vila Franca do Campo,37.72,57.0,87,40,18.34
389,Mao,19.55,73.04,94,40,12.12
390,Conde,-11.81,80.98,85,68,3.85
391,Regeneracao,-6.24,72.47,95,92,5.08
392,Paracuru,-3.41,75.4,88,75,5.82
393,Greenwood,34.2,51.73,100,40,2.95
394,Narsipatnam,17.67,86.0,66,40,6.93
395,Jinka,5.79,74.68,42,36,1.95
396,Kaniama,-7.57,69.5,94,64,3.29
397,Dali,25.6,60.5,48,44,2.17
398,Garden City,40.73,36.57,74,1,8.21
399,Gashua,12.87,68.65,29,0,8.43
400,Karratha,-20.74,96.37,28,92,12.46
401,Erzin,36.95,51.22,100,75,5.82
402,Benguela,-12.58,77.15,100,76,2.17
403,Khanpur,28.65,59.65,100,0,13.47
404,Constitucion,23.99,63.0,41,8,8.01
405,Crotone,39.09,55.64,100,0,12.8
406,Lima,-12.06,73.13,83,0,11.41
407,Tiarei,-17.53,84.09,74,20,5.82
408,Nemuro,43.32,37.4,47,0,8.05
409,Kirakira,-10.46,83.68,100,0,10.11
410,Amapa,15.09,77.0,88,40,2.24
411,Krasnoye,44.87,32.95,100,90,4.47
412,Ossora,59.24,9.52,80,88,27.78
413,Chara,39.42,44.37,75,20,10.29
414,Iqaluit,63.75,-18.23,75,5,9.17
415,Port Blair,11.67,86.0,58,20,4.7
416,Maloy,1.0,93.44,40,36,4.63
417,Codrington,-28.95,78.91,45,92,16.11
418,Adrasmon,40.65,51.8,66,75,4.47
419,Rawson,-43.3,57.08,75,48,8.21
420,Punta Gorda,26.93,66.15,100,1,2.28
421,Kaeo,-35.1,72.28,72,0,3.0
422,Ipixuna,-1.76,75.2,94,0,6.93
423,Dunedin,-45.87,64.99,57,0,5.99
424,Pozhva,59.09,18.02,82,88,14.81
425,Sapele,5.89,74.95,97,88,2.73
426,East Wenatchee Bench,47.43,22.98,68,90,3.36
427,Whitehorse,60.72,14.0,47,90,13.87
428,Chai Badan,15.2,98.01,36,56,5.41
429,Zambezi,-13.55,71.26,86,0,6.64
430,Lakes Entrance,-37.88,96.01,23,36,4.0
431,Vostok,46.45,35.71,68,68,2.95
432,Muisne,0.61,69.77,94,20,2.73
433,Invermere,50.51,-6.0,84,12,1.72
434,Ornskoldsvik,63.29,13.48,78,88,5.82
435,Ilinskiy,55.62,20.23,85,75,15.66
436,Ushtobe,45.25,40.03,99,92,8.88
437,Laerdalsoyri,61.1,28.26,97,92,1.61
438,Hualmay,-11.1,65.99,94,20,3.18
439,Fortuna,38.18,46.65,75,0,4.7
440,Mandera,3.94,82.78,46,0,4.63
441,Kulhudhuffushi,6.62,82.78,100,76,8.77
442,Puerto Narino,-3.77,75.2,100,0,2.24
443,Yala,6.54,84.2,70,20,6.93
444,Winkler,49.19,-13.76,75,1,17.22
445,Egvekinot,66.32,17.3,84,56,4.97
446,Jurm,36.86,22.97,85,24,0.16
447,Esperance,10.24,74.34,88,40,3.36
448,Takaka,-40.86,68.02,76,0,5.01
449,Lorengau,-2.02,85.21,93,20,9.66
450,Port Lincoln,-34.72,74.05,71,0,14.7
451,Geraldton,49.72,-4.01,64,5,9.17
452,Okha,53.59,7.67,90,0,8.66
453,Yingcheng,30.93,51.8,53,20,6.71
454,Kurchum,48.57,26.17,100,48,2.95
455,Qandala,11.47,76.34,75,0,2.73
456,Antofagasta,-23.65,64.4,88,20,1.12
457,Aykino,62.22,-7.77,45,12,3.18
458,Eyl,7.98,77.92,92,68,7.09
459,Timmins,48.48,12.2,92,90,5.82
460,Bronnoysund,65.46,25.43,58,0,21.92
461,Cap Malheureux,-19.98,84.92,79,40,9.17
462,Nampula,-15.12,74.86,94,88,3.74
463,Neryungri,56.66,16.4,63,36,6.87
464,Tamiahua,21.28,74.32,93,0,10.0
465,Belaya Gora,68.54,-8.49,64,32,6.2
466,Ukiah,39.15,50.85,81,90,5.82
467,Grafton,-29.69,78.67,54,40,10.29
468,Bratsk,56.15,26.28,79,75,2.24
469,Yulara,-25.24,104.0,11,12,11.41
470,Tyrma,50.04,28.78,60,44,3.4
471,Mayya,61.74,-7.61,69,0,3.74
472,Fort Myers Beach,26.45,67.32,100,1,4.63
473,Kassala,15.45,69.28,45,0,4.63
474,Pelym,61.01,17.98,69,80,7.99
475,Ginda,30.69,42.5,100,88,1.95
476,Tallahassee,30.44,66.78,100,90,3.85
477,Ayorou,14.73,58.07,32,0,10.56
478,Suclayin,15.76,77.33,100,0,4.97
479,Sanguem,15.23,82.4,61,20,9.17
480,Ilyich,44.09,20.18,76,48,2.73
481,Omsukchan,62.53,-10.38,64,24,3.29
482,Hofn,64.25,38.54,100,88,24.76
483,Leningradskiy,69.38,-1.83,70,0,6.31
484,Huntsville,34.73,42.51,81,90,2.62
485,Natchez,31.56,55.44,87,75,5.08
486,Blackwater,51.33,49.01,93,100,8.05
487,Shimoda,34.7,47.86,93,75,28.86
488,Kouango,4.99,72.43,89,0,5.41
489,Hargeysa,9.56,66.22,86,56,5.64
490,Norsup,-16.07,82.51,83,8,9.33
491,Olga,34.11,57.24,93,90,2.28
492,Bambanglipuro,-7.95,80.57,89,64,5.64
493,Faya,18.39,59.07,62,0,8.05
494,New Ulm,44.31,-5.59,76,1,14.99
495,Thaba Nchu,-29.2,60.8,59,0,2.24
496,Katav-Ivanovsk,54.75,25.9,83,80,3.06
497,Jalu,29.03,45.43,83,12,7.43
498,Mazagao,-0.12,75.2,100,75,6.93
499,Nizhniy Kuranakh,58.84,13.75,54,24,3.62
500,Bonavista,48.65,17.01,80,0,8.66
501,Axim,4.87,82.51,98,32,5.3
502,Jega,12.22,66.35,28,12,11.34
503,Saint-Gaudens,43.11,38.34,60,0,5.82
504,Nola,3.52,70.45,94,0,2.39
505,Kuraymah,36.78,44.85,100,90,12.75
506,Chifeng,42.27,54.7,38,8,7.65
507,Bilma,18.69,47.54,34,0,8.77
508,Camacha,33.08,60.03,82,40,6.31
509,Flinders,-34.58,81.39,48,48,19.46
510,Hirara,24.8,76.48,94,75,9.17
511,Ouro Fino,-22.28,64.15,98,92,3.4
512,High Level,58.52,-13.01,75,5,2.95
513,Tonantins,-2.86,76.88,93,12,2.51
514,Del Rio,29.36,61.88,100,90,11.41
515,Laibin,23.74,62.08,96,64,9.1
516,Sao Joao da Barra,-21.64,82.73,99,8,20.85
517,Port Shepstone,-30.74,73.42,95,80,4.85
518,Los Llanos de Aridane,28.66,62.6,72,32,8.05
519,Havoysund,71.0,24.8,92,68,14.99
520,Nenjiang,49.17,43.72,34,0,4.85
521,Mogadishu,2.04,79.0,100,80,7.31
522,Ambulu,-8.35,83.9,100,56,6.31
523,Quatre Cocos,-20.21,85.01,79,40,9.17
524,Zhaotong,27.34,63.07,42,0,2.73
525,Farafangana,-22.82,82.82,93,56,11.45
526,Preobrazheniye,42.9,47.77,34,0,5.08
527,Bilibino,68.06,-12.45,74,0,2.39
528,Voh,-20.95,76.79,98,100,15.48
529,Arani,13.33,88.03,55,40,5.82
530,Orsk,51.23,24.8,85,75,26.84
531,Oranjemund,-28.55,62.75,91,92,11.79
532,Aksarka,66.56,-14.38,21,0,3.4
533,Kambove,-10.88,64.78,98,88,1.61
534,Vanderhoof,54.02,-3.45,58,0,2.95
535,Hasaki,35.73,45.21,100,75,9.17
536,Kattivakkam,13.22,88.05,55,40,5.82
537,Jiutai,44.15,51.8,25,0,4.47
538,Sayla,-15.32,50.6,95,24,1.16
539,Wuda,39.5,49.12,57,0,4.29
540,Sarkand,45.41,37.96,90,92,12.01
541,Carmo do Paranaiba,-19.0,66.99,100,68,2.95
542,Weligama,5.97,85.21,91,8,1.95
543,Surgut,61.25,21.2,73,0,11.18
544,Ayan,40.67,21.58,87,12,3.18
545,Kolpashevo,58.31,16.18,87,24,9.89
546,Gat,14.69,62.6,72,0,13.87
547,Manicore,-5.81,76.21,90,20,2.06
548,Chapais,49.78,-2.21,84,90,3.36
549,Shilka,51.85,41.87,36,0,3.85
550,Mamakan,57.82,27.88,66,76,2.84
551,Umm Lajj,25.02,63.29,93,0,6.64
552,Alice Springs,-23.7,100.4,13,40,19.46
553,Mayo,63.59,8.6,55,20,8.05
554,Namatanai,-3.66,86.33,88,36,7.65
555,Xunchang,28.45,58.48,76,8,3.4
556,Ornes,49.25,46.18,87,90,12.75
557,Praia da Vitoria,38.73,57.11,87,40,27.56
558,Shelburne,44.08,20.48,79,90,3.36
559,Sfantu Gheorghe,44.65,33.12,73,20,9.17
560,Santiago del Estero,-27.8,77.92,80,68,5.08
561,Finschhafen,-6.6,77.47,88,64,2.73
562,Payyannur,12.1,83.77,92,12,12.24
563,Arlit,18.74,50.56,42,0,8.66
564,Kasama,-10.21,64.55,100,92,5.41
565,South Valley,35.01,47.62,53,40,13.87
566,Batagay-Alyta,67.8,-2.05,86,12,2.17
567,Ha Tinh,18.33,75.89,98,0,8.55
568,Grindavik,63.84,28.8,86,0,9.17
569,Yelizavetino,51.83,11.95,84,36,10.89
570,Porto Walter,-8.27,74.72,91,32,1.95
571,Srandakan,-7.94,80.57,89,64,5.64
572,Kachug,53.96,29.9,84,80,3.62
